# Laenge: 200
577.462
288.728
192.479
144.351
115.47
96.2114
82.4507
72.1256
64.0902
57.6572
52.389
47.9941
44.2706
41.0742
38.2992
35.8663
33.7148
31.7977
30.0776
28.5248
27.1153
25.8292
24.6504
23.5652
22.5624
21.6322
20.7664
19.9581
19.2012
18.4905
17.8213
17.1898
16.5925
16.0262
15.4882
14.9761
14.4879
14.0214
13.5752
13.1475
12.737
12.3424
11.9627
11.5967
11.2437
10.9026
10.5727
10.2534
9.94398
9.64383
9.35242
9.06926
8.79387
8.52584
8.26477
8.0103
7.76209
7.51982
7.28322
7.05201
6.82592
6.60474
6.38824
6.1762
5.96845
5.76479
5.56505
5.36907
5.1767
4.98779
4.8022
4.61981
4.44048
4.26409
4.09053
3.91969
3.75147
3.58575
3.42244
3.26144
3.10265
2.94599
2.79135
2.63866
2.48782
2.33874
2.19133
2.04552
1.9012
1.75828
1.61669
1.47632
1.33708
1.19887
1.06158
0.925106
0.789302
0.654011
0.518999
0.38385
8.33126e-11
0
0
0
0
0
0
0
0
0
0
0
0
0
0
0
0
0
0
0
0
0
0
0
0
0
0
0
0
0
0
0
0
0
0
0
0
0
0
0
0
0
0
0
0
0
0
0
0
0
0
0
0
0
0
0
0
0
0
0
0
0
0
0
0
0
0
0
0
0
0
0
0
0
0
0
0
0
0
0
0
0
0
0
0
0
0
0
0
0
0
0
0
0
0
0
0
0
0
0

