# Laenge: 200
577.462
235.745
134.678
93.0067
72.1102
59.6506
51.2856
45.2256
40.6049
36.9498
33.9771
31.5059
29.415
27.6201
26.0602
24.6904
23.4767
22.3929
21.4183
20.5367
19.7348
19.0019
18.329
17.7088
17.1351
16.6026
16.1069
15.644
15.2108
14.8043
14.422
14.0617
13.7216
13.3998
13.0949
12.8054
12.5303
12.2685
12.0188
11.7806
11.5529
11.335
11.1264
10.9263
10.7343
10.5499
10.3725
10.2019
10.0375
9.879
9.72613
9.57855
9.43598
9.29815
9.16483
9.03577
8.91078
8.78964
8.67218
8.55822
8.44761
8.34018
8.23579
8.13432
8.03563
7.9396
7.84613
7.7551
7.66642
7.57999
7.49573
7.41354
7.33336
7.25509
7.17868
7.10404
7.03113
6.95987
6.8902
6.82208
6.75544
6.69024
6.62642
6.56395
6.50277
6.44285
6.38414
6.32661
6.27022
6.21493
6.1607
6.10752
6.05534
6.00413
5.95388
5.90454
5.85609
5.80851
5.76178
5.71586
5.67074
5.6264
5.5828
5.53995
5.4978
5.45635
5.41558
5.37547
5.336
5.29716
5.25893
5.22129
5.18423
5.14774
5.11181
5.07641
5.04154
5.00718
4.97333
4.93997
4.90708
4.87467
4.84271
4.8112
4.78013
4.74948
4.71926
4.68944
4.66003
4.631
4.60236
4.5741
4.5462
4.51867
4.49148
4.46464
4.43815
4.41198
4.38614
4.36061
4.3354
4.3105
4.28589
4.26158
4.23756
4.21382
4.19036
4.16718
4.14426
4.1216
4.0992
4.07706
4.05516
4.03351
4.0121
3.99093
3.96998
3.94926
3.92877
3.9085
3.88844
3.86859
3.84895
3.82952
3.81029
3.79126
3.77242
3.75377
3.73532
3.71705
3.69896
3.68105
3.66331
3.64575
3.62837
3.61115
3.59409
3.5772
3.56047
3.5439
3.52748
3.51122
3.49511
3.47915
3.46333
3.44766
3.43213
3.41674
3.40149
3.38638
3.3714
3.35655
3.34183
3.32724
3.31278
3.29845
3.28423
3.27014
3.25617
3.24231

