# Laenge: 200
577.462
288.729
204.16
161.401
135.036
116.943
103.657
93.4339
85.2916
78.6335
73.0743
68.3533
64.2877
60.7448
57.6262
54.8572
52.3799
50.1486
48.1271
46.2859
44.601
43.0525
41.6237
40.3008
39.0719
37.9269
36.8572
35.8552
34.9145
34.0293
33.1947
32.4063
31.6601
30.9527
30.2811
29.6425
29.0343
28.4545
27.9009
27.3717
26.8653
26.3801
25.9149
25.4683
25.0393
24.6266
24.2295
23.8469
23.478
23.1222
22.7787
22.4467
22.1258
21.8154
21.5149
21.2239
20.9418
20.6683
20.4029
20.1453
19.8952
19.6521
19.4158
19.186
18.9624
18.7448
18.5329
18.3264
18.1252
17.9291
17.7378
17.5511
17.369
17.1912
17.0175
16.8478
16.6821
16.52
16.3616
16.2066
16.0549
15.9066
15.7613
15.6191
15.4798
15.3434
15.2097
15.0787
14.9502
14.8243
14.7007
14.5796
14.4607
14.344
14.2295
14.1171
14.0067
13.8982
13.7917
13.6871
13.5843
13.4832
13.3839
13.2862
13.1901
13.0957
13.0028
12.9114
12.8214
12.7329
12.6458
12.56
12.4756
12.3925
12.3106
12.23
12.1505
12.0723
11.9952
11.9192
11.8443
11.7705
11.6978
11.626
11.5553
11.4856
11.4168
11.3489
11.282
11.216
11.1508
11.0865
11.0231
10.9604
10.8986
10.8376
10.7774
10.7179
10.6592
10.6012
10.5439
10.4873
10.4315
10.3763
10.3217
10.2678
10.2146
10.162
10.11
10.0586
10.0077
9.95752
9.90787
9.85879
9.81025
9.76226
9.7148
9.66786
9.62144
9.57552
9.5301
9.48517
9.44072
9.39675
9.35323
9.31018
9.26757
9.22541
9.18368
9.14237
9.10149
9.06102
9.02096
8.98131
8.94204
8.90317
8.86467
8.82656
8.78881
8.75143
8.71441
8.67774
8.64142
8.60545
8.56981
8.53451
8.49953
8.46488
8.43055
8.39653
8.36283
8.32942
8.29632
8.26352
8.23101
8.19878
8.16685
8.13519
8.10381
8.0727

